# Strain
1.421956368
0.188487665
2.001146442
-0.755409182
-2.289398587
0.704654756
0.105636963
0.48287521
1.185458624
0.590403805
0.113028737
-0.273465989
0.235213703
0.431066776
-1.968510092
-0.648425347
-0.613664326
-1.239548374
-0.835867268
0.232370335
0.527112974
-0.291324619
1.324266897
-0.608011118
-1.757388271
1.118690319
0.775636364
-0.345751463
-0.575891869
0.72612727
-0.290770344
-0.693519395
0.365114137
0.845258501
1.328506988
-0.631375894
-1.509666016
-1.699805021
-1.369102372
-0.407689794
0.322836924
0.9258143
0.409667656
0.726800797
-1.440956901
-0.97788274
1.13497754
1.32655848
0.242043336
-0.241173679
-0.003214345
1.051369226
-0.339861048
-0.801411613
-0.140149143
0.643814398
0.697229844
-1.423850583
0.035419342
0.339148804
-0.500735858
-1.872646343
0.54547497
0.498071544
-0.354590312
-0.720130204
0.560970454
1.666751764
-0.403903085
-2.010824112
-1.121381021
-1.069117567
0.635193175
0.309328653
-0.837934971
0.360253187
1.715621951
0.818725402
-1.924543836
-0.407785169
1.051669906
1.144025497
-1.101351606
-2.423388313
1.013410479
0.793406667
0.179277349
0.750865789
-0.548942734
-0.095053097
1.095084521
0.923341019
-0.15183066
0.760167789
0.439087382
-0.710906882
0.650768821
-0.015456346
-1.207065336
0.791061237
-2.197293007
0.352931531
1.420849521
0.353753425
1.155351736
-0.185114077
0.742064829
-2.243627391
-1.347061159
-0.103490633
-0.597315227
1.024247224
-0.230402825
-0.040570373
0.558382668
1.176408289
-0.656914984
-0.034616499
1.788300544
-1.286281408
0.889201596
0.988877273
-1.938065972
-1.209715015
0.480431223
1.412786441
-1.226918393
1.94342946
1.358117947
-0.596278419
0.715223674
0.765562579
-1.349476046
-1.100164513
1.438519856
0.423262999
-0.019582636
-1.161096925
-0.029471391
-0.080064274
-0.207387836
0.613093111
1.004787812
-1.268345688
0.620952206
1.211518944
-1.582252134
1.163445239
-1.183580071
0.235218897
0.450247303
-1.469293793
-1.445262722
-0.244630877
2.221037288
-1.276355914
0.25983655
-1.292837834
-0.442019281
0.350413639
1.232202518
-0.1807832
0.42470871
0.608720272
-0.17536761
-1.322483588
1.246276316
1.406544998
0.927510288
1.542940897
-0.428429323
-0.22528372
0.58684621
2.13444782
-0.067532409
0.507719198
-2.161985307
-0.939550578
-0.972947281
0.315393619
0.007490505
0.415645626
-1.042287033
-1.641869901
0.212083378
0.452446905
-0.23990256
0.370352104
0.532368572
0.024971966
-0.733416473
0.40494756
2.284775316
1.056793043
-1.539427173
-1.200879631
1.617034507
0.207825968
-0.231126203
1.421172371
-0.648244196
0.56250449
1.666838478
-0.029739681
-1.38061566
0.960111609
1.06132811
-1.314646734
0.896052607
-0.88341365
1.676116579
1.304058709
0.647590046
-0.235075558
-1.396077749
-1.013922602
-0.118499671
0.455075673
1.097108399
0.329873523
-1.172607129
-1.953659961
0.985157776
0.909467189
-0.750633127
0.778264973
0.711066948
-0.017943003
-2.262604819
1.282819727
1.959529536
-0.179278816
-0.618621505
0.791574537
-0.550251329
-0.843858847
-0.083651132
-0.549646363
-0.757685623
0.10278318
1.878453645
0.065151959
0.538457182
-0.424970861
-0.026035174
0.442305952
1.177378148
-0.438593762
-0.233654433
0.223101646
0.229374984
-0.612410053
-1.54793824
-1.292988633
1.227224982
0.868327066
-0.821760005
-1.03572383
0.102740355
-0.251028731
-1.417325124
0.528416214
1.693930305
0.619424338
-1.544359061
-2.739542625
-1.264146008
0.182832311
-1.600262318
0.846987823
-1.570720991
-0.588148734
-1.722667218
-1.557057076
-0.964287673
1.274075343
-0.455564313
0.911253238
0.06275353
-0.217232656
0.269061744
1.152930574
-0.423963457
-0.451352211
-0.39861849
-1.123342709
-0.202151353
-0.087604089
0.426277585
0.508367427
1.291784557
-1.961890391
-0.106589702
-1.057630784
0.707753145
0.347036916
-0.680360529
-0.967744232
0.036817675
0.900659415
1.17557892
0.430713739
1.056416736
-0.965503311
-0.577691262
0.050268235
2.118537754
-0.862904435
-0.362819653
-1.098123385
-0.568613545
-1.44989844
2.050070765
2.30008688
0.006028615
1.231682036
0.404166473
-0.077114126
-0.757907211
-0.660902743
-0.031157896
0.052152083
-1.854167414
0.314111819
-0.953153075
-0.382611719
-0.140567686
-1.24767214
-1.292042193
2.278989952
0.648147136
0.330202294
0.337926278
0.444766086
-0.730144787
0.394720019
-0.930498041
0.267399569
0.365230655
2.022124252
-0.570715202
-0.532307651
1.038887952
-0.448592163
-0.048305484
-0.261769638
0.755727218
1.10251118
-0.981570489
-0.404120342
1.70030156
0.562675495
-0.058926474
-0.270249371
-0.002180993
0.384954921
0.186250839
-0.058529024
-0.092075997
0.432824894
0.425399067
-1.344726483
-1.042959685
-0.470947186
0.842956424
-1.383743664
-0.237865391
0.249515368
1.130243835
0.572461823
-0.331484868
-2.137150216
1.216486681
1.315458705
0.517214387
-0.721771842
-1.001971253
-0.232647316
0.481982716
1.022698665
1.02681562
1.275663569
-0.919078963
-0.959454384
0.98400584
1.527611997
0.034667182
-0.287034127
-0.852198641
0.492939272
-0.968773004
0.176335984
1.584106852
-0.401418392
-1.387466226
-0.082170829
-0.234696781
-0.714967847
-0.719056946
-1.000417315
0.232698388
0.076516028
0.058956114
0.605979358
-0.417940608
0.430853212
-0.51259415
-0.17348969
1.510693894
1.0284343
1.032307937
0.239324859
-0.663869297
0.062922439
1.814787608
-0.784761958
-1.089811049
0.285646811
0.026360562
0.266404735
-0.65018586
0.290434536
-0.088236233
-0.699892648
-0.312538474
0.22612346
-0.240182115
-0.356558846
-0.07030448
1.296194825
-1.365045922
0.504410869
0.401019221
-0.317889571
2.202463158
0.416947543
0.706472332
1.425502735
0.592712049
0.487174093
-0.635546446
0.580728655
-0.077494694
-0.370311759
-1.592227446
-1.853909148
-0.318239085
0.585218852
1.862710364
-1.612024118
-1.600541734
-1.343689699
-0.596240276
0.119061481
0.00792531
-0.327606771
-0.217799433
-0.897703365
1.193185221
1.166768111
0.549979079
-0.292084216
0.763286286
0.751737124
1.244954152
0.546850355
-0.077586591
-0.204244628
-0.964640758
-0.12065285
0.693254499
0.966939365
-0.496134674
-1.251215747
-0.667039687
-0.015301755
2.026977047
-0.723802415
0.676290144
0.161755659
-1.983538499
0.744920839
-0.035932575
0.779219485
-0.581943166
0.902544078
-0.900671879
-1.271823304
0.684848949
-0.05985141
0.193233473
0.644861488
-0.612643987
0.257246973
-0.302550172
-1.04395258
0.292544515
0.442344034
0.487267812
-0.013292285
0.046849426
0.330116215
-1.507746866
0.779432279
1.161639472
0.1838854
1.227076518
0.810299892
-0.111257611
0.876303386
-1.741416391
-2.128804975
-0.434126138
0.435031366
-0.419142091
-0.980257293
-0.297546411
1.327945856
1.049021641
0.624713804
-1.548414252
-0.380958439
0.742249461
-0.430223196
-0.399935403
-1.262911463
0.541801434
-0.731737008
-0.492007519
-0.372655541
0.637262352
-1.022659027
0.517747733
-0.49196296
0.669108135
-0.222121971
-0.52681842
-0.627175709
-0.215052345
0.28786702
1.3037393
0.613514048
0.279925949
-0.361344333
-1.858226987
-0.434445835
-1.07851351
-0.780761368
0.529694736
1.132092209
0.859727628
0.155631454
2.354247596
0.717300148
-1.1693862
-0.409772609
-1.171846
0.380572498
0.615823333
0.883810326
-0.555536217
-0.593579063
-0.207230038
1.11071456
-0.242730496
0.002157126
0.878603236
1.612146885
0.246914382
0.399894365
-0.897352833
0.306840952
-0.683493801
-2.344653253
-0.304032695
-0.414789866
-0.490589883
0.740937868
0.232826127
-0.784422483
1.188580315
-0.255959377
-1.418062498
-0.300181459
-0.836012652
0.429142392
0.530399547
-1.811972016
-1.649964353
1.02913271
1.390765355
-0.385159541
-0.264379237
0.151688437
-0.619566874
0.219587811
-0.054676951
0.597305008
0.013310142
-1.719220684
0.01494413
0.394109547
0.391507558
-0.368312205
0.761752111
-0.869213319
-1.423412859
0.344954175
0.615047137
-0.224273949
-0.271659988
0.630968438
0.233569608
-0.779627742
0.657372969
0.091545792
0.938556872
-0.90127225
0.536850829
0.29866428
-1.492113857
0.695494575
0.696772595
0.062237109
0.605342503
-0.919010598
-0.747014616
0.887672957
1.125794733
1.22740764
-0.366467435
0.182614073
-0.15418661
-0.417418373
-0.070511443
0.53202658
0.651316728
-0.650173629
-0.088283619
0.6978833
0.416881731
0.353367087
1.023763282
1.612686755
-0.996697721
0.711931242
1.312925579
0.783511294
-0.240802505
1.863920378
-0.13191994
-0.023047337
-0.778097589
-0.277893299
0.968654254
0.474338427
0.398525223
-0.810269558
-0.918187099
-0.231345123
0.731603973
-0.162744235
0.412084085
-1.598879807
-0.28069695
0.624999059
-0.074225962
-0.267818861
1.065125678
-0.623379449
0.01405554
-0.620110197
-0.964850129
0.144276239
-0.588043557
1.614586966
1.613365024
-0.112342303
0.267297505
0.610854214
-0.135345301
-0.773560231
-2.055612553
-0.957735966
0.536317026
1.122676146
-0.402786387
-0.661592092
-1.026391773
-1.058157824
0.465896354
-0.583062168
-0.543631886
-0.606993554
1.113693987
-0.355745698
0.952978123
0.242412645
0.115123562
1.277678916
-0.154691564
1.479775142
0.53623806
-0.901105812
0.125798142
-0.515666145
-0.6447329
0.481080499
0.948705006
-0.039665465
-1.671091043
1.822802926
-0.29437121
-1.730763939
0.619416346
2.127148621
0.261212404
-0.108574395
-0.71907162
-0.50086473
0.378283307
-0.244241955
0.658734021
0.611572306
0.732056557
0.928190622
1.571339237
-0.246360762
-0.699040258
0.053701018
-0.188477682
-0.776624005
-1.09167991
-0.049269806
-0.050227918
-0.051673716
-0.587265938
-0.773668099
0.108646436
-2.49947984
-1.901474226
0.20935609
-0.691869855
-0.179938308
1.999407824
0.832391993
-0.556314659
-0.443748556
-0.993497993
-0.472916326
1.500116306
1.383022224
0.569992683
-0.457891972
-0.839591444
0.325977172
0.129332363
0.600328718
-1.261280371
-1.380948474
-1.221857756
-1.644608542
1.447054967
1.308512952
0.247240277
0.636555519
-1.262139551
0.940660503
0.443495784
-0.924925969
0.172462329
-0.931166625
-0.097606927
0.542642431
-1.413907673
-0.166022438
0.04431826
-0.908333744
-0.780719962
-0.455453682
0.919899737
0.663778033
0.261297391
0.405769679
1.107869529
0.429989205
-0.05410489
-0.892260945
-1.587394189
0.102802468
-0.107266193
-1.110371153
0.396790953
0.695531019
0.463446743
0.889648963
-0.36032826
-1.021097539
2.654774395
-0.91499078
1.365451484
0.447941795
-0.314646181
0.109768624
-0.173291005
-0.714053431
-0.071317839
1.477510095
-0.167640181
0.678669278
-0.341399376
-1.234295709
-1.78227261
0.672818764
-0.983097908
0.689741376
-0.17025334
-1.090533227
-0.455287985
1.361273834
-1.089972382
0.455421308
1.843489576
2.242150351
-0.458758376
-1.094009393
-0.015020458
0.700708424
0.108520867
-1.313851035
-0.411247131
-0.426341465
1.285222473
-0.129537235
-0.803231047
-0.529400706
-1.468135523
-0.997229414
0.333025561
-1.187915216
-1.207227441
-0.236335862
2.728518307
0.738612973
1.042930607
1.150998695
-0.118105994
-1.123204753
0.179485098
-0.959093398
-0.926975619
-0.998694668
0.242669517
1.130334145
0.803073713
-0.64450412
-0.696363361
0.020019288
0.498295109
-0.534592777
0.501592285
0.42131476
0.033888844
1.509404459
-0.58212093
0.717769549
-1.894888913
-0.509783913
0.34681374
0.879151263
0.101662018
-0.162225477
-1.510101505
1.323341005
1.155513574
-0.680885282
0.428036853
1.245950141
-1.024935476
-0.025715336
1.595932052
-0.624184156
-0.384809646
-0.089187839
2.457133995
0.48006891
0.344971445
0.269078623
1.02547171
-0.566829175
-0.939390275
0.480018851
-0.617323951
-0.455893257
-0.825255814
-1.602881046
0.200469157
0.756163248
0.503268204
-1.198854719
-1.010213994
-0.395584844
-1.644964503
-0.122320115
1.320147181
0.964153449
-1.001113608
0.830020739
0.089935437
-0.384320772
0.436296638
0.114580148
0.123000026
0.110061893
0.172475827
1.646574063
-0.521937931
0.345528791
1.45021988
-0.406839311
1.277290117
1.070211123
0.868457443
-0.912273599
-1.422771439
-1.363416877
0.014006612
-1.621986519
-1.415598674
0.123681855
0.273115698
1.501729661
-0.342798839
-0.823349303
-0.2576516
-0.019445571
-0.011008822
1.774739039
0.114137686
-0.371759048
0.191693138
1.649275251
1.196772191
-1.390772262
-0.966293906
0.087135706
0.13789938
0.058035622
1.308871367
0.729974354
0.372139961
-0.845541662
-0.469648467
0.257330397
1.69500319
-0.004966971
-0.508314075
-0.42970498
0.350765676
-0.324455522
-2.070548225
-1.141365758
0.589620232
-0.630100337
-1.173280369
-0.420648605
0.076860032
1.636972955
0.235387416
-1.105120123
-0.592582693
-0.227483233
0.887710165
1.49488266
1.545323995
0.408498293
-2.104759243
0.241906558
1.18160911
0.582311261
-0.655342015
0.939671647
-0.854279573
-0.442768406
0.678057815
-0.053605198
-0.089418516
0.381280574
0.84263915
-0.413082143
-0.30674261
0.169539293
-2.263012256
-1.056597638
0.71762932
1.176265959
1.137229412
-0.908809306
-0.031377932
0.600939174
2.071104145
1.297175647
-1.17496709
-1.882529425
0.95797683
1.782491526
-1.263189522
-0.084203433
1.208135507
-0.286215094
0.460001075
-0.559388428
-0.210604578
0.273373356
1.109560846
-1.09106441
-1.090807577
1.821257968
0.227264196
-0.51623321
-0.163725583
0.435704771
-0.269668686
-1.698080779
-0.518906031
0.576365524
-0.185148008
0.462710798
0.404891507
1.725248318
-0.180914909
0.341569222
1.327549535
-1.876864364
1.164757059
0.563061689
1.246365676
-0.784796841
-0.877152105
-2.201581641
-1.120018145
1.127610997
0.305362038
1.128640955
-1.023475206
0.230207474
-0.073401398
1.193233208
0.20787365
-1.191305159
-0.528739511
-1.521259747
-2.089236494
0.54684586
-0.424336409
0.460346135
-0.559585474
0.174778276
1.572656383
-0.420446274
0.01193617
-0.73563788
0.51508673
-0.018618697
-0.983322905
-0.959261032
-1.312567142
-0.351543241
0.458561192
-0.314230914
-0.138351937
-0.361991023
-0.575847014
-0.184199552
-0.987348553
0.917533051
0.568770471
0.185438362
0.222102626
-0.173960114
0.66136304
-0.252126173
-0.851948853
0.079248441
-0.775031623
-1.523704019
0.292670691
0.10009622
0.119189376
0.845959895
0.646654399
0.189949265
-0.500476125
-1.244436726
-1.767103467
-0.811820133
0.073126554
-0.910331779
-0.07309533
0.599659245
1.426684475
0.951483738
-1.59429097
-0.117995145
0.42426102
-0.507102106
1.190907942
-0.851680503
-0.189820937
1.092940862
0.299751454
1.415647475
1.829590278
-0.133716358
0.05166063
-0.435817785
-0.964750848
-0.916633438
-0.073423456
-0.341671522
-0.42986886
0.827788361
-1.367579023
-0.06238199
1.536300315
1.055321188
0.392974889
0.071691992
0.341061284
0.734841237
-0.406626765
0.223342311
-1.225217793
0.433130192
0.672942125
-1.420506608
1.149742042
-0.723404037
-0.502373996
1.235132455
1.151918747
0.228429254
-0.513726176
0.282230002
0.040914835
-1.279960551
-0.678915208
0.881746572
0.604664342
2.404404509
-0.651295644
-0.010919179
0.125583159
-0.205253507
2.663195221
-0.034340523
-3.118071805
-1.867326057
0.796817722
0.778170781
1.177454325
0.176955319
0.566658065
-0.231565598
0.701817446
0.196633287
0.411266929
2.084395558
0.186655867
-0.775685358
0.016875315
-0.155309472
-1.00474832
-0.16110675
0.64630018
1.24380099
-0.602880231
0.446034906
1.882233591
-0.135735594
-0.102237827
-0.585150859
-0.127804353
1.489642101
-0.019006376
-0.006893859
0.327351803
-0.271021138
0.653114343
0.436515264
-0.786258456
-1.158535178
0.49852264
-1.547084709
-0.878617745
1.450199095
-2.263211778
-0.776080744
-0.056573871
0.631954695
-0.553223259
-0.233362318
0.660437665
-0.777486567
-0.344998911
-0.264424367
2.195904
-0.53660237
-1.063669914
-1.599908792
0.985960434
2.105188579
0.177776621
-0.343286244
-1.318130521
-1.935528925
-0.727863142
1.127515882
0.154903919
-1.752498038
0.252357469
0.051476326
-0.641011375
-1.069176727
-1.551679471
-0.089859786
-0.144660817
-0.172880032
-1.398215694
0.657992913
0.628117292
1.197658861
-0.901437818
1.343374906
0.690043777
0.173433384
0.888237781
1.145030845
-0.450599988
-1.384989455
1.119378546
0.424598722
-0.837868187
-0.936584226
-1.19060805
0.008065427
0.626314669
-0.354053929
1.659264282
0.164605381
0.760643666
0.949286587
0.297663722
-1.281418637
-1.24693996
0.70144495
-0.125835732
-0.515679201
0.796184685
0.360470294
-1.061665824
-1.906029047
-0.313261675
0.517124526
0.570419756
-1.527711227
0.474729399
-0.198394786
0.048529226
-0.119837424
-0.527140202
0.891687198
-0.127264529
0.851700053
-0.823693501
1.059370669
0.998930268
-0.316358273
1.709776637
0.469105132
-1.182955597
0.948654867
1.608007712
-0.368664396
-1.633106859
0.577933774
-0.730749105
-0.30028803
1.015667672
0.102254812
-0.310216515
-0.566951765
0.999027625
-1.007255797
-1.441946336
1.99153774
0.284269357
-0.589325351
0.065891702
-1.363324803
0.112370288
1.305017252
-0.175547913
-0.438260123
-0.611745174
-0.027126271
0.142794612
1.767078479
1.303324937
1.119374543
0.488378944
-1.109459584
-0.480996148
-1.439710332
0.538081092
1.640030008
-1.561507574
-0.28899412
0.982021394
-0.716613461
-0.208730803
-1.012034147
-1.221556728
-0.613124002
-0.801967111
-1.905165861
2.166436583
1.557081655
0.159087555
0.272391607
-0.56904418
-1.684245138
-0.156985902
-0.386309833
-1.534340746
0.617994432
-0.103839014
1.90141578
1.040866205
0.070463184
0.604890292
0.038338028
0.190036626
0.776860321
0.239978169
-0.200659875
-0.12507351
-0.569248966
-1.276067155
-1.237972154
0.334753387
-0.239237468
0.399333388
0.081064146
0.014202141
-1.042966079
-1.042020322
0.841473772
-0.218832768
-1.112644897
0.826795879
-0.804928989
-2.349834944
0.942946721
0.595470339
2.254165526
-0.055347208
1.181074919
0.514022288
-0.181632248
0.882036265
-2.147920351
-0.071702186
0.559469631
-0.51472531
-0.093306094
-0.303497043
1.051208235
0.766195866
-0.076437449
-1.143460333
-1.100746541
0.381278914
0.544591728
0.652043703
0.165896284
0.551837261
1.636776461
-0.373666801
0.348669154
0.333945363
-0.338052891
0.361157302
0.344501057
0.630814836
-0.712773283
0.116646222
-1.964086701
-1.507759848
-2.668292641
0.118625714
0.973934106
2.266257497
1.280722747
1.357835576
0.991734608
-1.098061674
1.037972817
0.067297173
-0.181467104
0.187516031
0.378436977
0.696646509
0.373273662
0.252875263
1.033684636
2.076343417
0.682827665
-1.733346549
-1.279868366
-1.396429226
-0.001897891
1.224295398
0.21973153
0.479392842
1.208680742
-1.055083944
1.120366222
-0.006028111
0.389476348
0.809618035
-0.796021909
-0.332878859
1.64816869
0.704331429
0.870904537
0.202887665
-0.372380881
-0.936031073
-1.666500235
0.668900163
0.693222558
-0.025643849
0.239321323
-1.280843556
0.833332667
1.125236135
-1.058254349
-0.504822858
-1.509126667
1.422633858
-1.079366313
1.171758071
1.104552106
-0.78829977
0.567665533
-0.625450815
-0.752218812
-0.584374685
-0.65696519
0.494633478
-0.213786421
0.328942351
0.873438978
-1.117277407
0.863310993
-0.030581648
0.316200885
0.448181317
1.033714025
0.770189433
-1.685987524
-1.091295357
-1.014878106
0.554912755
-1.003630978
0.564530206
-0.223270754
-1.262431849
0.131158122
-0.271978391
-0.61952459
-0.53689946
-0.258847417
-0.035304975
-0.344439448
-0.784203321
1.022243373
0.502953338
-0.162752722
0.42491614
-0.269669059
-0.959959094
0.092662322
-1.802922292
-0.330491735
0.620381492
0.054487827
-2.079851426
-0.482752815
-0.163615111
-0.470897691
0.866931447
-0.367487389
0.504798025
1.230701878
-0.98745051
1.776411352
1.221294487
0.200234789
1.468561281
-0.935461047
-0.12083224
-0.995810365
-0.31586058
-1.663579683
-1.788757026
-0.958693857
0.575691562
-0.243167905
0.9169537
0.338719394
0.229556942
1.988646209
-1.257276096
-0.626741665
1.049833292
-0.833077807
-1.075978794
-1.268752031
-1.118465426
-0.01983134
-0.196018175
0.418729268
0.01929192
-0.507953328
1.396037371
-0.917194765
-0.95949876
1.816510984
-0.855256815
-0.984224585
-0.107340554
0.332841961
1.441737109
1.5531209
1.68023491
0.104176563
-1.306343165
2.351646841
1.34772623
0.413991426
-2.016644529
-1.228679336
0.100955132
0.21469969
0.048880889
-0.075393652
1.090147039
-0.087623674
0.005532792
-0.647835113
1.280994718
-0.489447615
-1.361734627
0.386588215
-0.570280979
-0.562577816
2.405138096
-0.272371382
-0.516757532
1.703591799
0.19377023
1.109510219
-0.567948944
-1.980067195
-0.57676527
-0.969226693
-1.450533569
-1.841059163
-0.69957849
-0.12709924
0.976941919
1.491437662
-1.61127697
-1.093653102
1.587797168
-1.19622808
-2.076751325
1.462687182
-0.095006008
0.432014657
2.709041177
1.33660047
1.228402924
0.543240434
-0.737676067
-1.138674429
0.289096921
0.861116661
-0.645480629
0.730019458
0.309319243
-0.001534843
1.574304902
1.406491138
0.352795313
0.812331999
0.153027663
0.231708061
-0.264869904
-1.198584638
0.68530844
-1.113605189
0.844816442
-1.461148765
-1.375734964
-1.262953164
-2.286013926
0.507863478
-0.463652032
-0.282010116
-0.503235106
0.553662222
-0.029491879
-0.275092182
-0.658835418
0.146070229
-1.504522773
0.157961449
0.399066027
-0.545369552
-1.341536249
0.720682792
0.638979223
-0.489653116
0.102108311
-0.553640207
-0.402830004
1.11428185
1.695820838
-1.461670766
-0.352101884
0.832268735
1.215858411
-0.135541789
0.772921566
0.428752042
1.468936312
0.357950682
-2.350944847
-0.657352987
-0.381126619
-0.085972749
0.237653672
-0.026315515
1.45987745
-1.120639621
-0.883990146
1.217100711
0.501898379
-0.925668713
-0.386466144
-0.337499122
1.405616351
1.064114471
-0.656479596
-0.312894153
-0.442744031
0.670023678
0.664011438
1.342246033
0.206775546
-1.158885417
0.363258536
1.172082347
1.183793669
0.309345706
-1.177383972
-0.259191156
0.149930287
1.275602724
1.062348406
-1.300795224
-0.403738682
0.708296815
0.881737997
0.456301791
-0.624435028
-0.665105018
-0.137355015
0.248651293
-0.223961031
4.048879517
1.795027514
-0.909011851
0.217336456
1.598884243
-0.327796736
-1.079448425
0.564663839
-0.736504435
0.198510682
1.203605647
-0.384056907
-0.403837261
-0.468228978
-0.305868642
-0.622319715
-0.525611221
-0.518575564
-0.084494452
-1.03516488
1.196010595
2.480875301
-0.654757627
-0.564499835
-0.511920327
0.281364682
-0.926685672
-0.834778617
-0.355585637
1.220837362
1.489475452
1.316669416
0.370255904
-1.790584619
-0.388358152
0.114582583
-0.610504307
1.229549922
-1.432506528
-0.126536114
-0.354998051
-0.791640062
0.485241953
0.899901684
-0.382920424
0.377386388
-0.934378319
1.064022985
-0.375631735
-1.523635703
-1.381694379
-0.792300381
-0.305173567
0.602420549
0.49200502
-2.575859253
1.235485202
-0.066923861
-0.67356957
-1.183895082
0.372896151
-0.762221946
0.241344273
0.02772598
-0.202903817
-1.493253855
-0.084764742
-0.446273274
0.320643018
-0.951723436
0.286557548
0.68196124
-1.716701258
0.041026231
1.090206448
-0.194314928
0.872898599
0.585913777
-0.415758601
1.381193654
-0.328241377
-0.497973535
-1.031585163
-1.027171169
-0.881059254
0.951674222
1.294563774
0.055461614
-1.681965437
-0.12824885
-0.083651204
-0.119643101
0.199947983
1.11122537
-0.460529201
0.645385624
0.691996743
-0.132701342
1.409961982
0.081616823
0.929246824
0.023496866
0.284878931
0.837876577
1.006092395
-1.214049254
-0.688132141
0.847827082
0.357223667
2.198985134
0.495651017
1.067523073
-0.260844653
-0.830518888
0.023331595
0.114355203
0.503394822
1.58045755
0.175145196
-0.298207575
0.443636352
0.356686559
0.740502992
-0.516374894
-0.562683229
1.090142735
0.34299072
-0.503727926
-0.246178557
0.386545654
0.873888585
-0.193083064
0.202922473
1.362751401
-0.819036201
-1.053624004
0.161307486
-1.491661861
0.377988326
0.991522331
1.145708158
-1.021887016
0.130657457
0.09985756
-0.645799524
-0.858920787
-1.162159599
-1.530769286
-0.667788155
-1.440836993
-0.590877771
-0.974637013
-0.523415256
0.259514633
-0.943923496
0.652538719
-1.84426316
-1.346942733
-1.09783947
-0.498255869
0.479405457
2.016393317
1.317858792
-1.594365284
-0.915732625
1.086317877
0.026585991
0.694780337
1.154893467
-0.743351032
-0.068614724
0.936132463
0.793656456
-0.335653086
-0.445305415
-0.941859899
0.876444767
-0.11081834
-1.12185195
0.55726355
1.399118211
-0.469833936
0.086009619
-0.684699263
-2.913553633
-0.770252159
0.613961427
1.182444495
-1.37086754
-0.099821273
-0.069229098
-0.669144091
0.91038706
-0.162987304
-1.099374582
0.611470617
-1.961237528
0.432848257
1.015487865
0.700102313
2.196771516
1.169634681
2.093277251
1.459398294
0.794724741
-0.760674812
-0.960199999
0.478622573
-0.269262216
1.179596098
1.185155427
1.449843559
-0.113643992
-0.228200358
1.144968137
0.182292103
0.625384778
-0.288574712
1.829148327
0.706395903
-0.25446354
-0.989786282
0.121184454
0.578597905
-0.267164397
-0.063302801
0.57689952
1.858395741
0.459070179
-2.398791581
0.367630026
-1.431161243
-1.577245628
-1.627034299
0.375855772
0.046059608
0.030949629
-0.629353321
-1.482352639
-0.29065215
-2.637350135
0.136026468
0.209539647
-0.176672762
0.794769495
-0.409619513
-2.66036202
-0.901432896
0.122250186
-0.912283289
-1.683248785
-0.257758823
-0.508417466
-0.932317449
-1.402725378
-0.321142092
-0.533375512
-0.804981972
-1.121099815
1.178376646
0.304703718
-0.602010812
-1.18763622
-0.835518284
0.468439064
0.387330695
1.173404223
0.492581143
-0.621279893
-0.473318875
-0.501069098
0.731619625
2.920052903
0.624457943
-0.070782506
-0.031516879
0.752541941
1.569087648
0.450192656
0.747423961
1.788050295
-0.639522566
1.171899873
-0.586221012
0.696282431
1.323506235
0.995483741
1.131235687
-1.378624148
2.234448012
0.945968189
1.343913462
1.220626135
-0.389822446
1.173984283
0.461634244
0.261559902
-0.042988437
0.00166707
-0.630264443
0.318456042
1.468509683
0.525346681
-0.113435615
0.230131131
0.656407546
-0.870263596
0.798962663
-0.083258674
-0.054442899
1.835470971
-1.313999947
-2.398713975
-0.547987485
0.411664747
-2.408733371
-2.120316955
-1.423964243
-2.035552665
0.771288515
0.004634523
0.026099939
-0.280598313
0.194640642
0.171441507
0.207914997
-0.163835383
-1.795161503
-0.579958195
-1.189594753
-1.058060637
-0.329845296
0.575530197
-0.652523531
0.982938715
-0.529936859
0.25165514
0.666963011
-1.655385345
-0.724152813
0.006483844
0.020497871
-1.909197809
0.663223732
-1.387698568
-1.340201295
1.057239848
-0.658869203
-0.711359277
0.046249243
0.078624616
1.535986148
1.562690372
1.465340356
0.87518125
-0.661285197
0.088745122
-0.242763657
-0.572461439
0.037406637
1.990021439
1.128138261
1.142127067
2.506151727
3.014498653
2.457112869
1.884624755
1.083459078
-0.446595208
1.429300431
0.588129198
-0.093307114
-1.186076968
0.372961756
-0.396801966
-0.63511147
1.894644035
0.460587445
-1.436373741
-1.377588202
-1.735307486
-0.253559297
0.124854078
-1.121976623
0.122687626
-2.154082698
-2.19001276
-2.558731473
-0.591886053
-1.448480145
-2.284821525
-0.429171477
-1.660599112
-0.210593568
-0.007345549
-1.214345889
-0.282267561
-1.728675407
-1.785710813
0.434922554
1.382989521
-0.153491035
-0.182445984
-0.162004648
0.166502374
-0.741630099
0.249782151
0.60438751
0.027169182
0.473332357
1.130343171
1.789917809
0.537509089
2.920349823
2.955789093
3.140987071
1.409156141
-0.144275685
1.833866913
2.755479963
1.641681227
0.442478135
1.59184332
0.435155636
0.367761389
1.280345074
0.173307807
-0.804174664
-2.616894666
0.522267143
-1.970775281
-2.241183168
-1.091462794
-2.233865342
-2.001141286
-2.163148131
-3.433185221
-0.94861126
-0.969652092
-1.277957338
-0.943155937
-3.299671085
1.305774044
0.905520608
0.504197479
2.20790357
0.578209321
2.48965306
2.065862119
2.461034903
4.289886725
3.28506516
2.944049344
1.275531758
2.050862053
0.516090013
-0.670264752
-0.617871826
-0.33541575
-3.749530251
-0.110285759
-3.767870366
-3.88112612
-1.504913171
-2.371045815
-2.110986196
-1.276633909
1.476153053
0.618658807
1.290416816
2.300484149
2.425871924
1.113688122
2.070618846
1.723802926
0.640774262
-2.293606782
-1.087234517
-2.35662289
-0.951309128
-1.875968999
-0.697896103
-1.080458467
1.001292215
0.3592711
-0.490167607
0.678406165
0.998497085
2.415979484
-0.065448209
-0.029717305
-1.162606942
-0.669348424
-1.22845561
1.874751561
0.455390812
-2.011931439
-1.208482623
0.772844998
2.134458461
-0.183913395
-1.132338079
-0.44479076
-0.397602973
0.589684785
1.045690792
2.35801823
0.64456883
-0.977282021
0.899572291
0.271595723
-0.504883875
-0.947682827
-0.611176522
-0.498382816
0.146783933
-0.511146567
0.121003572
0.208545881
0.628149689
0.050351478
-1.252144315
1.30043028
0.08031055
0.326429943
-0.04123919
-2.031351428
-0.146362376
-0.981354127
0.594337902
0.488964984
-1.07565343
-1.418553771
-0.840640316
1.197077446
1.686665469
0.004031508
-0.521641052
1.386057458
0.252996844
-0.317002544
-2.096317336
-0.529499044
-0.032754217
1.197798498
-0.856257242
-0.75127572
-0.205952951
-0.480866705
0.166878141
-1.018097447
-0.637866838
0.244939134
1.446391854
0.552238103
0.420611059
0.679420901
-0.213282375
0.888565688
1.59407375
-0.270666831
0.005901535
-1.42927182
0.408953633
-0.281272701
0.277473444
0.058847049
-0.761319765
1.07543764
0.37630508
-1.546959423
-0.631600592
-2.877090479
-0.959995377
0.91204142
-1.265817202
0.580156635
1.385590985
-1.105422522
0.375569407
0.445590146
0.301456554
0.200139291
-0.077535717
0.919578491
1.086208672
-0.939372086
-0.501349299
1.919834805
-1.143414794
1.213764431
-0.649471756
-0.156257796
-0.876956464
-0.781955468
0.212640684
0.875891896
0.361954703
1.777626125
-1.198875398
1.155269305
1.516180468
-1.93996057
0.362816627
0.402033749
2.260011907
-0.131787663
-0.278570304
1.655835475
0.355787655
-1.201194878
-0.680457284
-0.049122694
0.778624197
0.153350942
1.389746375
-0.652045825
0.350663262
-1.171507003
0.329758294
0.046547002
-1.88471904
-0.468306054
-1.399576436
-1.538856833
-0.347444354
0.851448484
-1.111001466
0.238805948
0.436113231
-0.523995027
-1.057051895
1.102890087
0.385931036
-1.632800519
-0.465712458
0.620276992
0.60682599
1.041316681
-0.353367233
-0.852432962
-0.322299416
0.012235277
1.92905788
-0.451943444
0.400587219
-0.225788157
1.171890557
0.863438733
1.505034259
1.560022078
-0.993770754
0.088312917
-1.884864232
0.034520017
0.018696703
-0.84178808
0.123385523
-0.094801455
-1.698408805
0.958802759
0.776060586
0.239965994
0.713504928
-0.12234479
-0.89547219
-2.553477173
0.816921755
2.328614238
0.189587689
0.06822609
-0.852869236
-0.225280283
0.114753287
-0.525819609
0.750271504
0.903240924
0.585279227
-0.794122366
-0.096665593
0.118930935
-0.379668026
-0.113925855
-0.509951774
-0.494416383
0.831705943
-0.939442224
0.623784994
0.235374181
0.224190654
-0.356624872
-0.691980311
-0.473628518
-0.762131017
1.729783915
-0.139943776
-1.228746982
-0.498242331
0.893718483
-0.877267429
-0.331769502
0.549972478
-1.063320973
-0.192652261
2.400328118
-1.157936362
-0.963009042
1.939836859
0.939861526
-1.067519481
-1.22096424
-0.409274967
1.109743211
-0.831804289
-1.477157669
0.593251622
0.385770733
1.676952374
-0.450586269
-0.010016933
0.360685333
-0.134520906
0.137625887
1.576531046
-0.265761263
-0.740620337
0.066545901
-0.439989138
0.825918652
-0.273162003
-0.914153242
1.520348428
1.311981828
-1.03553549
-1.362956007
-0.185124855
1.538268067
0.168316687
2.041464317
1.201589615
-0.221238709
1.983255412
0.520204612
-0.462026015
-1.317974544
0.405598349
-0.63021424
0.930448596
0.6890924
-1.83413397
-0.886996724
-0.420504448
1.057292424
0.392109172
-0.01115115
-0.086203544
-2.583842061
-1.939747314
1.261171173
-1.1316075
-1.266675501
-0.262297696
-0.422663496
-0.021022244
0.252889426
0.178201492
0.40603902
1.128919321
0.530542242
-0.940614734
-0.024795482
1.52592005
0.330679123
-1.622931919
-0.347421998
-0.12506665
-1.285667506
0.203272193
-0.063852664
0.313315719
0.959435688
1.183932752
1.171014131
-1.157759511
-0.667372192
1.390202594
1.898515391
-1.141952224
-1.612897404
-0.444735348
0.572267043
-1.071170842
-1.004774345
0.666939961
-0.687304839
0.340782354
0.862968916
0.080870132
-0.072079773
0.803828558
-1.145952061
-0.882276244
1.411956388
1.110640534
0.103928378
1.091304295
0.193721398
-0.336460461
-0.754673241
-0.072302449
2.363649873
1.430677149
-0.412558201
-0.224774064
-1.267455374
-0.097809916
0.819705641
-0.258589125
-0.433980423
-0.780443213
0.399387185
2.503401892
0.384637482
-0.503914748
-0.185854711
0.762584222
-0.508278165
-0.391129568
0.620905297
-0.425933414
-0.652777317
-0.414796603
0.432968848
-0.00336105
0.914755582
-0.313019971
-0.259520209
-0.027902467
-0.34990353
-1.265857549
0.993105727
1.22261364
0.166629869
-0.783220596
-1.429070914
-0.019682797
0.851821925
-0.270595212
0.433192706
-0.607040001
-1.554043755
-2.129162944
0.364137512
0.855942215
0.144196047
0.06732693
-1.830826124
0.444988717
-1.39635384
-0.821430669
0.763855867
-0.489103614
-1.582837678
-1.30948582
1.008865516
0.205888486
-0.699663186
-0.150658954
-0.19377238
0.771774784
-1.270329342
-0.864982796
1.505280347
0.54739629
-0.613013848
-0.581251209
0.059928439
0.190020276
0.747026327
1.185084609
-0.227442615
-0.926873553
-0.915185206
1.100802381
1.518066894
-0.16358394
-0.924638492
-0.743661023
-0.725571196
0.738548801
0.376361834
0.319122538
0.016572914
0.105701885
0.403003255
-0.370895934
-0.385878659
-0.214589286
-0.393791091
-0.005121254
-0.01369618
0.606562283
-0.424170201
-0.313867789
1.179652525
-0.458657825
0.206893057
0.666582091
0.712435122
-0.285416611
-0.399521675
-0.191085632
0.418147801
-0.266498672
-0.683196495
-1.433264286
0.366297673
0.174494103
-0.41627265
2.251710851
-0.598549714
0.645767989
-0.043158886
-1.344407642
-0.133273254
0.755569702
0.563028362
-1.473650012
0.35863698
1.528095849
2.120831998
-0.67864368
1.158057858
-0.808157629
-0.624798611
-0.428545955
0.017489346
-0.37124186
0.195703922
0.909104335
1.000461551
2.74295889
1.375823623
-0.859599131
-0.739874676
1.205874931
-0.54794856
0.997726179
0.505031523
0.820349339
-0.169672245
0.649881115
0.271839096
0.131923925
-1.34835981
0.477856881
0.732766015
-1.502077054
-1.958143239
0.816475476
0.40966771
0.089885074
0.623495534
-0.40903882
0.086836805
-0.754485777
-1.28074877
-0.265345263
0.937876633
-0.225190786
0.292698482
1.122440095
0.493670308
-0.739813219
-0.282381075
0.755073609
-0.48732678
-1.677673761
0.262849691
0.636200699
-0.941308548
-0.117663179
0.904685082
0.563646829
-0.087070154
0.734159847
1.703297158
-0.712154269
0.615898517
0.206197303
0.419358892
-1.050631219
-0.745383193
-0.716504124
-1.664062597
-1.075485612
0.857636362
0.637287684
0.746521468
0.176051348
0.445327744
-0.493708176
0.183680788
2.894380327
-0.809214294
-0.500736902
-1.140859303
-0.268386442
-0.810454287
0.189681199
-0.335958802
0.622066266
0.193314459
0.129498047
2.100587553
-0.199673631
-1.565115818
0.022831978
0.254554649
-1.731725484
-0.500732156
-1.729558244
0.370193354
2.199288641
1.201093087
-0.137735616
-1.241401314
-0.62893749
-0.127320141
-1.243181797
-0.93180787
-0.007356498
1.978727946
0.218989707
0.193147875
-0.149622514
-1.473356259
-0.708911633
-0.540997637
-0.778682642
-0.791288409
1.008568565
-0.199768453
0.705113604
-0.53901659
0.151223911
-0.103353095
-0.469105961
-0.974116679
-0.297317207
0.384067767
0.151915955
-1.667090344
-0.127869299
-0.079467842
-0.532119784
0.63373194
0.661240585
-0.463198861
0.792691914
1.114434268
0.811119941
0.408139786
-1.318481768
-0.722201296
-0.115943891
0.543655067
0.246275244
0.591909527
-0.285085209
0.080994902
0.450037611
2.49065175
0.796445068
-0.015388591
-0.501118559
-0.177191632
-0.575143862
-0.31368349
-0.264070306
-0.141893895
-1.020666172
2.208066899
0.960332954
0.115660268
-0.738040869
-0.892717311
0.476414158
-0.045337934
0.427135282
1.0109609
0.350262574
-0.237730877
1.161079895
-0.316125281
0.20568586
-0.929223046
-0.012664167
0.159929517
-0.277119315
-1.024230268
-0.407864083
0.940914628
-0.163100484
-2.377874892
-0.896345287
1.338629037
0.905802074
-0.736424004
-0.182319476
-0.189773473
0.921966304
0.36098234
-0.577206349
0.28083127
0.307378648
-0.666704237
-0.019060684
0.703661302
1.900985469
1.158484466
-0.315687404
0.10549485
-0.543325006
-0.569700854
0.593695179
-0.503710315
0.042531831
0.748013151
-1.408388858
-1.488913936
0.12357434
0.417953663
-0.840875277
-0.712103419
-1.402152657
1.564605731
1.304184769
-0.930398676
-0.993150189
0.737850126
0.676166299
-0.144892959
1.172028924
-0.630039571
0.71789326
-0.22242067
-0.379163274
-0.33963382
-0.088513774
2.104621128
0.224140901
0.850209392
-1.107084566
-1.284067962
-0.155012013
-0.478876559
-0.864890857
-0.017795944
0.632831611
1.895081365
0.425213174
-1.655027339
-1.031019704
-0.435673192
0.243380399
-0.938416239
-0.384538673
-0.607842273
-0.021550085
0.551047016
-0.349602104
-0.383965607
-0.212529176
0.014005452
-2.160741835
0.365044924
-0.73602531
-0.923641513
0.643615881
1.286816295
0.84254867
0.167596489
0.401594481
0.053624258
1.037389985
-1.451739141
-0.97566585
1.26097915
1.237091015
-0.681150957
0.481373197
0.833527435
0.666017457
-0.309616274
-0.927673424
-0.947988234
-1.274911275
-0.573725938
-0.932421402
-1.792038328
2.016620859
0.436602989
0.190386017
-1.373688089
-0.594410439
0.270992915
-1.078173236
-0.385615128
0.283024857
0.05398035
-0.410893161
0.190822664
0.257265191
-0.063660759
0.07141294
0.045729947
-1.07228618
-0.037643544
0.373947069
0.761633966
-0.368813614
0.738879448
0.810796893
1.012377595
-1.414027219
0.002130361
1.897195248
0.462271164
-0.61030935
1.146460295
-0.626705379
-0.579997239
1.43771981
0.321040564
-0.337866239
-0.300165644
-0.618723859
0.064339848
1.271252804
0.602867283
-0.557647552
0.221787618
-0.209178691
-0.049301193
0.4573753
-0.576544257
0.646490814
0.979150529
-0.825849059
0.837254918
-0.125186737
-1.110384473
-0.577732976
0.233053124
0.735122201
0.561847873
0.568489296
-0.818703081
-0.076844613
-1.609373055
0.818662137
0.785555397
2.583596333
-0.382646323
1.126342963
2.087050915
-0.084182237
0.268123015
0.738620438
-0.258495618
-0.640627549
0.642086325
-1.376456489
-0.683372031
0.185502088
0.38816661
-0.358379448
-0.967941957
0.06971425
0.235751362
0.68576214
0.865710645
-0.810028156
-1.275505855
-0.342676715
1.176200688
-0.381384258
1.028219788
0.040428193
-0.129775277
0.7320402
-0.186670412
0.541158962
-1.027399411
-0.166704219
0.115703437
-0.550255657
0.243161607
-1.853482134
-0.550474211
1.068500233
0.448693666
0.316610116
1.361595489
-0.017807005
-0.596466654
-0.318097937
-0.103476192
0.921198715
0.437077332
0.168019162
0.406132914
-2.273079222
-0.849692699
1.365228801
0.364068059
-0.706296478
1.206731304
0.919564873
-0.949714404
0.859294247
-0.734959481
-0.563392668
0.262010595
2.011382604
-0.206099247
1.412309068
-0.543313762
-2.785566864
0.526854941
0.704197867
-0.49530457
0.362459705
0.883564253
-0.814855054
-0.624112075
0.301499512
0.732258846
1.31249079
-0.9929867
-0.896943567
1.786625514
-0.881254062
-1.415172356
-0.809132862
-0.58870122
0.651323842
1.411515053
-0.3063892
-1.499544931
-0.988003012
1.329266985
0.236980907
0.391734417
0.774701551
-1.146458706
-0.503444733
-1.413163971
-0.925332924
0.249590806
0.530051967
0.056676148
-0.296567789
1.181520087
-0.260344056
-0.478858379
-0.096699003
-0.713937637
0.93118429
0.641445553
-0.183697877
-0.179363564
1.382697156
0.001201032
-0.334040629
2.621101806
0.434699407
-1.897985635
-0.992496296
0.436037111
0.523566637
-0.637919156
-0.454448126
0.865305912
0.146192546
-0.009585376
0.740451102
-0.018354755
-1.201903031
0.378072082
-0.136196331
-0.541760111
0.302690557
-1.305289734
-0.376930774
-0.253152143
-1.149226629
-1.258210442
-0.678013136
-1.13039975
0.738264
-0.94917087
-1.227699188
-0.358442053
-0.128025112
-1.043001655
-0.678587057
1.635208544
0.823303795
0.748992271
1.172625257
-0.46529616
-0.909830177
2.053117945
-0.077177219
0.50276419
0.145033838
0.127119291
-0.064176572
0.889545664
0.41254936
-0.44912569
1.55288641
-1.649022847
-0.515068693
-0.608542033
0.376238301
0.910606304
-1.214199565
-0.924065513
-0.432786861
0.731334259
-1.15336077
0.566224557
-0.221474458
0.060923296
0.997657307
1.246657638
2.148522771
-0.860992074
-0.980094513
0.167426463
-1.887772489
0.123778438
1.478979981
0.651899469
-1.309228731
-1.020022583
1.00579327
-1.140677451
2.15407491
0.180896292
-1.290480538
-1.056253473
0.867242359
0.384657473
-0.224037897
1.21051404
-0.248448117
-0.017789342
-0.201863729
-0.913332249
2.27689251
1.97388778
-0.650963629
0.071922887
0.208219538
1.388023
0.791756054
0.940721874
-0.908715937
-0.36183074
0.579429355
-0.514780065
-0.053963729
-1.208837434
-1.314204245
0.335292474
-0.606905042
-0.253809139
0.653799264
0.696788864
-0.211743502
0.617970828
-0.965156916
0.145077469
1.436008693
-1.847833941
-0.891325625
0.138205769
0.1447627
-2.440557882
-0.207662372
0.599252375
-1.001866036
0.961833382
0.583223283
-0.220290167
-0.115234517
-1.237580205
0.743781433
0.922425761
-0.014650782
0.700572495
0.887764253
1.2367175
-0.947319599
-1.09644387
-0.801876393
-0.776997244
0.520863938
0.001408217
-2.104186092
-0.945631259
0.128641288
-1.002554459
0.081465934
1.442454409
0.835870384
0.053271973
-0.779989734
-0.152256662
0.775621451
-0.408867013
0.186069594
0.960773894
-0.470839117
0.642002559
0.055717055
1.062933477
0.148600123
0.056555538
1.005788085
-0.122485462
-0.151720169
-1.157532966
-1.033382336
1.178634434
0.369298479
-0.375420154
0.520669268
-1.558026156
0.545667631
0.59153436
0.223287384
0.21932141
-1.174069595
-0.790390311
-0.097906996
-1.157588627
0.654645118
-1.114736157
-0.797879264
0.393554345
0.76266261
0.518476981
0.963538367
1.356570724
-1.83493624
0.041670285
0.458800143
1.659666671
-0.438679168
-0.66830152
0.981148681
0.62574505
-0.171567767
-0.966783724
0.655538231
-0.825886932
-1.046843667
1.160502936
1.840202743
0.307316651
-0.737547757
-1.790506976
-1.165434818
-0.169892667
0.942750842
-0.235697033
-1.034270398
-0.519724264
0.280647799
0.895686482
0.747974777
0.832061096
-1.841843338
-0.490427994
-1.142813853
-1.247821153
0.417808443
0.348195722
0.26459605
1.141363307
0.335922422
-1.97548704
-0.941754385
1.152028692
-0.425976759
0.502640862
0.527861125
0.718250995
-0.22709213
-0.857799344
0.302951395
1.061845861
-0.942941537
-0.113437381
-0.358301128
-0.388987246
1.47030241
0.070857365
0.807040691
1.182148387
0.768318608
0.619556253
1.155667305
-1.089049627
-0.641599193
0.100346382
-1.903801154
0.748403598
1.622213761
-2.177476252
-0.707722381
0.404011819
2.598588399
-1.990114039
0.775814923
0.264583653
-1.415023511
0.540423959
0.162130445
-0.919060429
-0.15957804
-0.072951792
-0.269338508
1.12353205
1.666467632
0.60176888
-0.694007855
-1.266374888
0.266795191
-1.210263784
0.107891347
2.721599803
-1.838064752
-0.386140775
0.461797283
0.560880053
-1.87689757
1.213081606
2.652970897
-0.506236584
-1.17398163
2.267605733
-1.325927274
0.848359759
-1.363983364
0.341516927
-0.016294109
-1.024545551
1.22980716
0.102783439
0.444018788
0.877799436
-1.091569604
-1.08721113
0.169140425
0.305087162
0.685448876
0.259381489
0.503652706
-2.390912129
-0.281834134
0.594433872
-0.642241052
-1.736325774
-0.26223322
-0.971531606
0.49973252
-0.295098466
0.507990752
-0.736311048
0.10661974
-0.060237017
1.032774068
1.573507649
0.609372025
-0.305606887
-0.241271332
0.202960717
0.20192623
-0.908216762
0.044757341
-1.321391655
0.039850005
1.043569137
-0.015315891
0.513097619
-0.522395232
-0.706282712
-0.67720586
0.314942
-0.180679356
-0.023465516
-0.324215541
1.635897264
-0.778500301
-0.655258564
0.031628407
-0.155187679
-0.344817492
1.448504264
0.629368517
-0.434598865
0.130418031
-0.103981306
0.435120199
1.070395981
0.331331413
1.88107495
0.304013432
-0.069406818
-0.14980366
2.047733497
0.721714745
-1.370182481
0.707419027
-1.89387437
1.083344851
-0.370490634
-0.339570584
2.38240912
0.443337469
-0.573243734
-0.409742662
-1.099043759
-0.177457015
-0.000951738
-0.621748882
1.158882732
0.978590933
0.199032122
1.336346485
-0.260162492
-0.196259975
-0.197045433
-0.620758937
-0.14110925
-1.377468486
-0.411995601
-0.061940823
1.648979024
-1.351214241
-0.643082228
1.906033694
-1.158368138
-0.079000889
2.103404761
-0.702594259
-1.862738972
0.130985268
-0.053859028
-0.63581833
0.112684522
1.044584091
-1.025371916
-0.407196006
-0.024885247
-0.250212242
0.556852379
-0.415365309
-0.570227743
1.194946548
0.233460634
0.07782873
0.238795785
1.081829203
-0.138828861
-1.170785913
-1.128471992
-0.584525182
1.459764422
1.012756092
0.691207347
1.057132249
-2.282040206
-1.270407349
-0.562241523
-0.973267135
-0.211487601
0.030929722
2.887494294
0.484863457
-0.59852878
0.803364429
-0.310094859
0.069349716
0.013162402
2.62978761
0.641870348
-2.176051876
2.091955413
-0.030319779
-1.6986226
0.561258942
0.416240879
-0.68671162
0.607599763
0.563475016
0.522563047
-1.019457137
0.165473652
0.352457894
0.098589361
-0.997477613
0.211324963
-0.659462738
-1.532038287
0.507772563
0.42723548
-0.531976769
0.203784738
-0.007057643
-1.927881849
0.628994655
-0.632448596
-1.12132181
1.373744465
0.092580329
0.245045176
0.600095538
-0.377283018
-0.495729761
0.050628614
-0.217471168
-0.640232649
1.262497551
1.179038938
0.193969498
-0.10671264
0.583316626
-0.617658161
-0.735633757
-0.692845983
0.666937127
-0.984078905
-1.400323422
0.730457394
-1.116570685
0.412028058
0.545043854
-0.298203582
-0.690878214
-2.142746121
0.443567763
0.765345995
-0.036362529
0.179182811
0.2186038
-0.979759846
0.356857876
0.022658
-0.763638377
0.361795006
0.464405109
-1.724798395
-1.762768742
0.014819732
-0.084243261
0.136892436
0.659616721
-1.029929137
1.014854403
0.886860002
0.623580241
1.051354179
-0.947531226
0.314768835
2.03729735
0.750303298
-0.991656917
0.158108016
-1.193506027
-0.671921897
-0.389597378
-0.601017264
-0.875682242
2.025304202
-0.64349833
-1.073093659
1.296651619
0.040186818
-0.459903372
-0.452516442
-0.81160066
1.003167534
-1.189915485
0.374653202
0.671483021
1.04233111
-0.387802431
-0.443886473
1.476608674
1.736741675
0.72590936
-1.607841113
-0.837343749
0.092313543
0.802695241
-0.505203418
-0.888462967
-0.133929143
-0.10678259
-0.947974672
1.600560881
-2.080685734
-1.808252775
-0.190949118
1.016169357
0.022205161
0.09490857
-0.122667533
-0.315529964
-0.331133467
0.334653619
-1.411165691
0.920834669
-0.61101207
-0.369671213
2.185747928
-0.55052333
0.692120847
-0.443804217
-0.636765651
0.699096505
-0.985672269
-0.745475957
1.770214236
-0.371596986
-0.260124464
0.299077423
1.933359562
0.038872469
0.558496672
0.390537671
0.261159442
-0.730886275
-0.910142967
0.55496467
-0.44423746
0.22099815
-1.959557944
-1.04180244
0.320497407
-0.312690243
0.587237744
-1.708829948
-0.884936116
-0.955282984
-0.886899778
0.970756721
0.388893149
1.062382766
1.118193153
0.470580592
-0.720101698
0.63734463
-0.215797065
-1.682224114
0.905455072
1.498343052
-1.208020603
0.384068577
0.210535154
-1.166879547
0.784521201
-0.914693978
0.548772538
0.043531463
-0.662376925
-1.078912399
-0.587380056
-0.463693307
-1.180361189
1.327786465
0.930703128
-0.39330749
0.820013548
0.831536055
0.519945087
0.700520068
-0.676560596
0.273578389
0.932159062
1.359923618
-1.20601356
1.032544871
0.654948095
1.008912103
0.734999384
0.521609314
0.252666487
-1.92658081
0.821623544
-0.198999898
0.879656882
1.454350405
-0.181928671
-0.422657664
-0.770607586
-1.025496035
-0.573172003
-0.216096079
-0.367060551
-0.083154013
1.041527638
-1.035761214
1.594930926
2.032649953
-1.245330086
0.245523624
0.065865215
0.563887151
1.847207783
-1.402880812
-0.187955406
1.041113528
1.036195587
0.018046261
-0.948224259
-0.006913211
-1.391986278
0.787236262
1.157046193
-1.171009546
-0.708522613
0.068117021
-0.088684093
0.743434787
0.33920675
0.49321292
-0.218136913
-1.478994632
-0.378161066
0.498245793
0.4321473
0.416371867
-0.395543564
-0.552451135
-0.136159905
0.837487104
1.786711982
0.694046996
-1.86642343
1.324550905
-0.353806491
-1.122465106
0.061621549
-1.339007463
0.292506975
1.229866199
-1.198922933
-1.130378562
-0.03110013
0.716607704
1.316432716
1.605395404
1.244505211
0.295197893
-0.51426132
0.682361339
0.307142223
-2.176675964
2.311323408
-0.977473696
-0.673813205
0.164366621
-0.484335236
-0.305926815
-0.783964763
-0.449135966
0.540496263
-0.748361663
0.338812019
0.235487258
-0.195251234
-0.019378394
0.234729131
-0.251878793
0.648118399
0.214738798
-0.086010916
2.086091353
0.378323089
1.312968616
0.288719852
-0.010250322
0.261751108
-0.932965799
-0.247675252
0.890941443
-0.255776702
1.130496507
1.013797976
0.616774949
-1.526970762
-0.367420135
-0.121212935
1.098870768
0.863623208
-1.998641672
-1.440327203
-0.408584496
-0.635864333
0.587401248
-1.03564195
0.721971043
-0.534200305
-2.228142209
-1.177850026
0.848062283
0.98239416
0.071874729
1.007784775
0.041931603
1.375945616
-0.712467626
-0.810032126
-0.58627627
0.363135168
0.137060986
0.38848274
0.206875854
0.102226695
-1.625668216
-0.14216358
1.05657383
0.521796846
-0.080323907
0.854294957
0.425113338
-1.293049517
-1.022100124
-0.730420767
0.989597607
0.540878383
-0.510435713
0.66478825
1.045299043
-0.10238717
-1.364285204
0.621479732
-0.276878569
0.083562673
-0.007959178
-0.406913407
-0.026696393
-0.918728964
-0.073510367
0.321420474
-0.639995521
0.81815889
2.613769919
0.422013132
-0.416044622
-1.058863963
-0.304874143
-0.389804784
1.564583772
-0.647927744
-0.66025484
-0.800606353
-0.546887029
0.411138801
-0.422629043
-0.69466258
0.974284913
-0.855858478
0.835294006
0.461351694
-1.497953219
-0.76572905
-1.359082422
0.501748294
0.579722972
0.090776326
-0.842010661
0.869408388
0.146056934
2.830795724
1.414262562
-0.406925075
0.053142015
1.204460326
0.725901063
-0.89634329
0.436673939
0.360808619
-1.686135451
-0.478566939
0.373357528
-2.145603252
-1.71210068
0.521481289
0.78411728
-0.045248022
-1.470289107
-0.543447187
0.306330409
0.802716409
0.834815436
-0.042721062
0.221955689
0.985925646
1.267859816
-0.764650462
0.70606425
-0.935334954
-0.75577795
-1.020460281
0.117930242
-1.318677931
-0.830958362
1.296914214
0.62137442
-0.903479769
-1.628078491
-0.012987841
-0.251765626
-0.975796557
-0.241423759
-0.060105567
0.280914026
0.620739565
-1.266292103
-1.919663625
-2.08489065
0.501426986
-0.955315226
0.740223873
-1.485231625
-1.116775952
0.660162573
-0.219558321
-1.154787388
-1.266299438
-1.44602818
-0.067415968
0.032697951
0.843246418
1.349804733
-0.66654623
-0.133180364
-0.6961326
0.765948855
0.678027723
-0.021189086
-0.808471732
-1.041274035
-0.062807635
0.984957577
-0.260376708
0.435547338
-1.532060052
-0.567221808
-1.068428362
0.436874078
0.775397597
0.677307053
1.264282816
-0.751287086
-0.239582242
0.580060006
0.752533393
0.27075942
1.140873651
1.192362889
-1.870360848
-0.626309814
0.976135439
0.006906496
2.072236528
-0.536834298
0.539197342
1.4506391
0.896156316
0.682106553
0.032712143
1.116721624
-0.696725669
-1.330932829
-0.042273869
-0.567607992
1.741081805
1.226040982
1.420691559
0.893115381
0.602423514
0.702224789
-0.685754346
1.216078853
-1.227181809
-1.774874386
-0.004578075
-0.949792238
0.040892646
-0.070069581
-1.065298998
0.286329435
0.080095506
0.483408104
-0.900792615
0.414194813
-0.179056956
-0.431058738
0.871825064
-0.189600868
-0.575241929
-0.864631673
0.909681419
2.014342638
0.784537097
1.749395252
1.968736052
-0.804436625
-0.420075661
-1.069836665
-0.370341296
0.649757905
1.611843543
-0.173474429
-1.518126449
-0.031992089
0.732729204
0.630692363
1.02963568
0.080905661
0.970531618
0.596572304
-0.720427785
-0.553364194
-0.802561643
-0.828220746
-0.598677704
-0.392468024
-0.021744473
0.048416266
-0.007859349
-0.07599259
-0.281960569
1.030339206
-0.515756287
-1.264747995
-0.606967886
0.760061111
-0.73856153
-0.415627894
0.714237874
0.093613327
-0.962158783
1.09012992
0.64129401
0.602524557
-0.402242122
0.966140137
-0.522850639
-0.873505944
1.498807207
-1.188407808
0.360704846
0.240550471
0.361000753
0.423990137
-1.20046727
-0.527399547
0.114892229
0.272254455
2.033588734
0.05302937
0.722943811
0.552880313
-0.889887884
-0.173988267
-1.639138457
-0.805262407
0.377374221
-0.858511777
-0.132131606
0.692267923
0.229284537
-0.460776095
0.278944931
1.203027827
1.045449216
-2.242252609
0.636936879
-0.512342208
-0.467327591
0.632773788
-0.33283381